Gene    Gene	Tumor   Tumor  Tumor       P(A,B)         P(A)            P(B)   	 Ratio 	  Fisher’s exact test
 A       B       AB      A      B						 log2(P(A,B)/(P(A)*P(B)))

DCAF4L2	LRFN5	10	36	30	0.0246913580247	0.0888888888889	0.0740740740741	1.90689	2.2221100991
CDH10	GRIN2B	10	42	26	0.0246913580247	0.103703703704	0.0641975308642	1.89095	2.2221100991
FBXL7	LRRC7	12	21	63	0.0296296296296	0.0518518518519	0.155555555556	1.87714	2.16226378401
CDH10	KIF1A	10	42	27	0.0246913580247	0.103703703704	0.0666666666667	1.8365	2.2221100991
PLPPR4	SORCS3	11	37	34	0.0271604938272	0.0913580246914	0.083950617284	1.82429	2.49641634864
CDH10	PCDH10	12	42	33	0.0296296296296	0.103703703704	0.0814814814815	1.81003	2.16226378401
FRMD4A	LRRTM4	10	51	23	0.0246913580247	0.125925925926	0.0567901234568	1.78772	2.2221100991
CDH10	MYT1	11	42	31	0.0271604938272	0.103703703704	0.0765432098765	1.7747	2.49641634864
DGKB	SLITRK3	10	30	40	0.0246913580247	0.0740740740741	0.0987654320988	1.75489	2.2221100991
PDHA2	STK11	12	27	54	0.0296296296296	0.0666666666667	0.133333333333	1.73697	2.77349872979
DHRS2	KLHL1	12	43	34	0.0296296296296	0.106172839506	0.083950617284	1.73301	2.77349872979
PCDH10	ZNF521	10	33	38	0.0246913580247	0.0814814814815	0.0938271604938	1.69138	2.2221100991
HCN1	MYH2	12	29	53	0.0296296296296	0.0716049382716	0.130864197531	1.66084	2.16226378401
COL4A5	KLHL1	10	39	34	0.0246913580247	0.0962962962963	0.083950617284	1.61084	2.2221100991
SLITRK2	TENM3	12	30	54	0.0296296296296	0.0740740740741	0.133333333333	1.58496	2.77349872979
RBM10	TRIM24	14	25	76	0.0345679012346	0.0617283950617	0.187654320988	1.57735	2.15988674874
RBM10	YIPF4	14	25	76	0.0345679012346	0.0617283950617	0.187654320988	1.57735	2.15988674874
DOCK2	PCDH10	12	50	33	0.0296296296296	0.123456790123	0.0814814814815	1.55849	2.77349872979
GRIN2B	SORCS1	12	26	65	0.0296296296296	0.0641975308642	0.16049382716	1.52393	2.77349872979
CDH10	SORCS1	19	42	65	0.0469135802469	0.103703703704	0.16049382716	1.49502	4.00150754291
ESRRB	GRIN2B	11	61	26	0.0271604938272	0.150617283951	0.0641975308642	1.49003	2.49641634864
CRB1	TSHZ3	11	37	43	0.0271604938272	0.0913580246914	0.106172839506	1.48549	2.49641634864
PLPPR4	ZP4	11	37	44	0.0271604938272	0.0913580246914	0.108641975309	1.45232	2.49641634864
CHD6	FBXL7	13	92	21	0.0320987654321	0.227160493827	0.0518518518519	1.44634	2.41540071253
MED12	PAPPA2	10	21	71	0.0246913580247	0.0518518518519	0.175308641975	1.44164	2.2221100991
BRAF	TUBB8	12	22	83	0.0296296296296	0.0543209876543	0.204938271605	1.41227	2.77349872979
FRMPD4	ZBTB9	11	24	70	0.0271604938272	0.0592592592593	0.172839506173	1.40696	2.49641634864
PCDH10	PELO	10	33	47	0.0246913580247	0.0814814814815	0.116049382716	1.38472	2.2221100991
CDH10	PLPPR4	10	42	37	0.0246913580247	0.103703703704	0.0913580246914	1.38194	2.2221100991
COL19A1	KCNB2	14	104	21	0.0345679012346	0.256790123457	0.0518518518519	1.37638	2.15988674874
NALCN	PLPPR4	13	55	37	0.0320987654321	0.135802469136	0.0913580246914	1.3714	2.41540071253
PCDH11X	SNTG1	12	65	29	0.0296296296296	0.16049382716	0.0716049382716	1.36639	2.16226378401
HCN1	PAPPA2	13	29	71	0.0320987654321	0.0716049382716	0.175308641975	1.35449	2.41540071253
CRB1	ESCO2	17	37	73	0.041975308642	0.0913580246914	0.18024691358	1.34996	2.01851197619
SLITRK1	WDR88	12	23	83	0.0296296296296	0.0567901234568	0.204938271605	1.34814	2.16226378401
CDH10	TUBGCP2	10	42	38	0.0246913580247	0.103703703704	0.0938271604938	1.34346	2.2221100991
RBM10	SLF1	16	25	103	0.0395061728395	0.0617283950617	0.254320987654	1.33142	3.1956571337
CDH10	DOCK2	13	42	50	0.0320987654321	0.103703703704	0.123456790123	1.32604	3.05307268261
TSHZ3	ZNF521	10	43	38	0.0246913580247	0.106172839506	0.0938271604938	1.30951	2.2221100991
CDH10	KRTAP4-12	10	42	39	0.0246913580247	0.103703703704	0.0962962962963	1.30599	2.2221100991
PAPPA2	SLITRK2	13	71	30	0.0320987654321	0.175308641975	0.0740740740741	1.30558	2.41540071253
KEAP1	PDHA2	10	61	27	0.0246913580247	0.150617283951	0.0666666666667	1.29808	2.2221100991
CYP11B1	LRRC7	13	34	63	0.0320987654321	0.083950617284	0.155555555556	1.29748	3.05307268261
BRINP3	NBPF7	13	32	67	0.0320987654321	0.079012345679	0.165432098765	1.29613	2.41540071253
BRAF	SPOCK3	10	22	75	0.0246913580247	0.0543209876543	0.185185185185	1.29546	2.2221100991
UNC5D	ZNF423	10	23	72	0.0246913580247	0.0567901234568	0.177777777778	1.29022	2.2221100991
ASH1L	PAPPA2	12	28	71	0.0296296296296	0.0691358024691	0.175308641975	1.28964	2.16226378401
GRIN2B	SEBOX	13	26	83	0.0320987654321	0.0641975308642	0.204938271605	1.28674	3.05307268261
KCTD19	PLPPR4	12	54	37	0.0296296296296	0.133333333333	0.0913580246914	1.2824	2.77349872979
KEAP1	LZTS1	13	61	36	0.0320987654321	0.150617283951	0.0888888888889	1.26156	3.05307268261
FBXL7	SRCAP	10	21	81	0.0246913580247	0.0518518518519	0.2	1.25154	2.2221100991
ERC1	RBM10	11	75	25	0.0271604938272	0.185185185185	0.0617283950617	1.24853	2.49641634864
NAV3	UNC5D	11	82	23	0.0271604938272	0.202469135802	0.0567901234568	1.2401	2.49641634864
PLPPR4	TENM1	11	37	51	0.0271604938272	0.0913580246914	0.125925925926	1.23933	2.49641634864
KRAS	SPARC	13	97	23	0.0320987654321	0.23950617284	0.0567901234568	1.23874	2.41540071253
MYH7	ZNF423	13	31	72	0.0320987654321	0.0765432098765	0.177777777778	1.2381	2.41540071253
DYNC1H1	PLCB1	14	65	37	0.0345679012346	0.16049382716	0.0913580246914	1.23731	2.15988674874
NLRP10	PAPPA2	14	34	71	0.0345679012346	0.083950617284	0.175308641975	1.23192	3.33490583585
BRINP3	KRTAP5-3	14	32	76	0.0345679012346	0.079012345679	0.187654320988	1.22121	2.67222977366
SLC2A10	ZNF521	12	55	38	0.0296296296296	0.135802469136	0.0938271604938	1.21745	2.16226378401
CTNNA2	NAV3	16	34	82	0.0395061728395	0.083950617284	0.202469135802	1.21676	2.1870687444
CDH10	RCN3	12	42	50	0.0296296296296	0.103703703704	0.123456790123	1.21057	2.16226378401
SLITRK2	ZNF536	18	30	105	0.0444444444444	0.0740740740741	0.259259259259	1.21057	3.73040106015
STK11	TCF7L1	13	54	43	0.0320987654321	0.133333333333	0.106172839506	1.18107	2.41540071253
BRINP3	CTRB1	12	32	67	0.0296296296296	0.079012345679	0.165432098765	1.18065	2.77349872979
MYH1	SNTG1	12	74	29	0.0296296296296	0.182716049383	0.0716049382716	1.17931	2.16226378401
BRINP3	MBD4	13	32	73	0.0320987654321	0.079012345679	0.18024691358	1.17239	2.41540071253
PAPPA2	ZNF521	15	71	38	0.037037037037	0.175308641975	0.0938271604938	1.17099	3.61880606593
MAATS1	SLITRK2	12	72	30	0.0296296296296	0.177777777778	0.0740740740741	1.16993	2.16226378401
RGS12	SLITRK2	14	84	30	0.0345679012346	0.207407407407	0.0740740740741	1.16993	2.67222977366
SNTG1	SRCAP	13	29	81	0.0320987654321	0.0716049382716	0.2	1.16439	3.05307268261
CDH10	NAV3	19	42	82	0.0469135802469	0.103703703704	0.202469135802	1.15984	4.77221382362
KIAA1549L	PLPPR4	10	49	37	0.0246913580247	0.120987654321	0.0913580246914	1.15954	2.2221100991
BRINP3	PDZD8	12	32	68	0.0296296296296	0.079012345679	0.167901234568	1.15928	2.16226378401
KCNB2	TRPV6	12	21	104	0.0296296296296	0.0518518518519	0.256790123457	1.15398	2.16226378401
KEAP1	STK11	18	61	54	0.0444444444444	0.150617283951	0.133333333333	1.14608	4.48142380325
DCAF12L1	NAV3	17	38	82	0.041975308642	0.0938271604938	0.202469135802	1.14376	2.41361743076
CLOCK	NALCN	12	40	55	0.0296296296296	0.0987654320988	0.135802469136	1.14345	2.77349872979
NDST4	PAPPA2	12	31	71	0.0296296296296	0.0765432098765	0.175308641975	1.1428	2.16226378401
STK11	TECRL	10	54	34	0.0246913580247	0.133333333333	0.083950617284	1.14136	2.2221100991
CDH10	KRT20	13	42	57	0.0320987654321	0.103703703704	0.140740740741	1.13701	3.05307268261
LRRC7	PTPRT	15	63	44	0.037037037037	0.155555555556	0.108641975309	1.13196	2.93241095136
DOCK2	PLPPR4	10	50	37	0.0246913580247	0.123456790123	0.0913580246914	1.1304	2.2221100991
EPHA6	PCDH11X	13	37	65	0.0320987654321	0.0913580246914	0.16049382716	1.1304	2.41540071253
CDH10	FAM221A	12	42	53	0.0296296296296	0.103703703704	0.130864197531	1.1265	2.77349872979
LRFN5	RRP36	16	30	99	0.0395061728395	0.0740740740741	0.244444444444	1.12553	3.1956571337
ABCA8	LRRTM4	12	97	23	0.0296296296296	0.23950617284	0.0567901234568	1.12327	2.16226378401
KLHL41	LRRTM4	10	81	23	0.0246913580247	0.2	0.0567901234568	1.12029	2.2221100991
FBXL7	SKAP2	10	21	89	0.0246913580247	0.0518518518519	0.21975308642	1.11566	2.2221100991
BRAF	TBATA	10	22	85	0.0246913580247	0.0543209876543	0.20987654321	1.11488	2.2221100991
BRAF	ZNF431	10	22	85	0.0246913580247	0.0543209876543	0.20987654321	1.11488	2.2221100991
KRAS	LRP5L	14	97	27	0.0345679012346	0.23950617284	0.0666666666667	1.11433	2.67222977366
SHBG	STK11	15	52	54	0.037037037037	0.128395061728	0.133333333333	1.11334	2.39784241448
MYCBP2	PLCB1	12	61	37	0.0296296296296	0.150617283951	0.0913580246914	1.10655	2.77349872979
F13B	NTRK3	11	90	23	0.0271604938272	0.222222222222	0.0567901234568	1.10579	2.49641634864
LRRTM4	VENTX	11	23	90	0.0271604938272	0.0567901234568	0.222222222222	1.10579	2.49641634864
GABRA6	SNTG1	10	65	29	0.0246913580247	0.16049382716	0.0716049382716	1.10336	2.2221100991
LRFN5	LRRC7	10	30	63	0.0246913580247	0.0740740740741	0.155555555556	1.09954	2.2221100991
MYCBP2	NDST4	10	61	31	0.0246913580247	0.150617283951	0.0765432098765	1.09877	2.2221100991
CTNNA2	FASTKD5	14	34	78	0.0345679012346	0.083950617284	0.192592592593	1.09627	2.15988674874
BRAF	PRODH2	13	22	112	0.0320987654321	0.0543209876543	0.276543209877	1.09543	3.05307268261
KCNJ10	SLITRK3	12	57	40	0.0296296296296	0.140740740741	0.0987654320988	1.09192	2.16226378401
SORCS1	ZNF521	13	65	38	0.0320987654321	0.16049382716	0.0938271604938	1.09192	2.41540071253
CDH10	HDHD5	13	42	59	0.0320987654321	0.103703703704	0.145679012346	1.08726	3.05307268261
KEAP1	XYLT1	15	61	47	0.037037037037	0.150617283951	0.116049382716	1.08334	2.39784241448
DOCK2	SORCS1	17	50	65	0.041975308642	0.123456790123	0.16049382716	1.08302	2.88561515738
LRRC4C	PODN	12	27	85	0.0296296296296	0.0666666666667	0.20987654321	1.08246	2.16226378401
NAV3	SLC8A1	12	82	28	0.0296296296296	0.202469135802	0.0691358024691	1.08183	2.77349872979
IRF8	LRRC4C	10	71	27	0.0246913580247	0.175308641975	0.0666666666667	1.07907	2.2221100991
KRT73	RBM10	14	108	25	0.0345679012346	0.266666666667	0.0617283950617	1.07039	2.67222977366
NAV3	PCDH10	14	82	33	0.0345679012346	0.202469135802	0.0814814814815	1.06719	2.67222977366
C8orf34	LRRTM4	12	101	23	0.0296296296296	0.249382716049	0.0567901234568	1.06497	2.16226378401
BRAF	LRIF1	10	22	88	0.0246913580247	0.0543209876543	0.217283950617	1.06484	2.2221100991
BRAF	MAST4	10	22	88	0.0246913580247	0.0543209876543	0.217283950617	1.06484	2.2221100991
IL18BP	RBM10	12	93	25	0.0296296296296	0.22962962963	0.0617283950617	1.06373	2.16226378401
ADAM30	BRINP3	13	79	32	0.0320987654321	0.195061728395	0.079012345679	1.05844	2.41540071253
CTNNA2	LRRC7	11	34	63	0.0271604938272	0.083950617284	0.155555555556	1.05647	2.49641634864
DCAF4L2	SORCS1	12	36	65	0.0296296296296	0.0888888888889	0.16049382716	1.05445	2.16226378401
EEF2K	LRFN5	12	78	30	0.0296296296296	0.192592592593	0.0740740740741	1.05445	2.16226378401
FAM47C	GRIN2B	10	75	26	0.0246913580247	0.185185185185	0.0641975308642	1.05445	2.2221100991
LRFN5	SORCS1	10	30	65	0.0246913580247	0.0740740740741	0.16049382716	1.05445	2.2221100991
MDGA2	SLITRK2	10	65	30	0.0246913580247	0.16049382716	0.0740740740741	1.05445	2.2221100991
PCDH11X	ZNF423	24	65	72	0.0592592592593	0.16049382716	0.177777777778	1.05445	2.42070736487
LRRC7	NDST4	10	63	31	0.0246913580247	0.155555555556	0.0765432098765	1.05223	2.2221100991
GRIN2B	MDS2	15	26	113	0.037037037037	0.0641975308642	0.279012345679	1.04805	2.93241095136
FRMPD4	NAV3	10	24	82	0.0246913580247	0.0592592592593	0.202469135802	1.04119	2.2221100991
PAPPA2	TIMD4	18	71	50	0.0444444444444	0.175308641975	0.123456790123	1.0381	2.23171262637
BMPER	CDH10	10	47	42	0.0246913580247	0.116049382716	0.103703703704	1.0368	2.2221100991
LRRTM4	PSTPIP2	12	23	103	0.0296296296296	0.0567901234568	0.254320987654	1.03668	2.16226378401
PRKN	SLITRK1	12	103	23	0.0296296296296	0.254320987654	0.0567901234568	1.03668	2.77349872979
DYSF	LRRTM4	15	129	23	0.037037037037	0.318518518519	0.0567901234568	1.03388	2.93241095136
HCN1	SULF2	17	29	116	0.041975308642	0.0716049382716	0.286419753086	1.03328	4.19219048244
ABCA2	PCDH10	11	66	33	0.0271604938272	0.162962962963	0.0814814814815	1.03242	2.49641634864
HCN1	NAV3	12	29	82	0.0296296296296	0.0716049382716	0.202469135802	1.03121	2.77349872979
HSPA12A	PAPPA2	10	28	71	0.0246913580247	0.0691358024691	0.175308641975	1.0266	2.2221100991
COL19A1	SLITRK1	12	104	23	0.0296296296296	0.256790123457	0.0567901234568	1.02274	2.16226378401
LRRC7	ZNF521	12	63	38	0.0296296296296	0.155555555556	0.0938271604938	1.02153	2.16226378401
MYH1	STK11	20	74	54	0.0493827160494	0.182716049383	0.133333333333	1.01937	4.27488547345
ACSS1	BRAF	11	100	22	0.0271604938272	0.246913580247	0.0543209876543	1.01792	2.49641634864
BRINP3	TENM4	12	32	75	0.0296296296296	0.079012345679	0.185185185185	1.01792	2.77349872979
BRAF	SERPINB13	10	22	91	0.0246913580247	0.0543209876543	0.224691358025	1.01648	2.2221100991
CRB1	SORCS1	12	37	65	0.0296296296296	0.0913580246914	0.16049382716	1.01492	2.16226378401
CCDC169-SOHLH2	MED12	11	105	21	0.0271604938272	0.259259259259	0.0518518518519	1.01465	2.49641634864
KCNB2	ZNF536	11	21	105	0.0271604938272	0.0518518518519	0.259259259259	1.01465	2.49641634864
HEATR9	LRRTM4	11	96	23	0.0271604938272	0.237037037037	0.0567901234568	1.01269	2.49641634864
MYO1A	SLITRK2	20	134	30	0.0493827160494	0.330864197531	0.0740740740741	1.01073	3.11720241074
BCHE	BRAF	14	128	22	0.0345679012346	0.316049382716	0.0543209876543	1.0097	3.33490583585
NTRK3	ZNF536	12	23	105	0.0296296296296	0.0567901234568	0.259259259259	1.00893	2.16226378401
BRAF	UPK3A	10	22	92	0.0246913580247	0.0543209876543	0.227160493827	1.00071	2.2221100991
