Gene    Gene	Tumor   Tumor  Tumor       P(A)        	           P(B)          Fisher’s exact    Ratio  
 A       B       AB      A      B						 test log score    log2(P(A,B)/(P(A)*P(B)))

CDH18	HCN1	1	28	29	0.00246913580247	0.0691358024691	0.0716049382716	-1.00356
CRB1	GRM5	1	37	22	0.00246913580247	0.0913580246914	0.0543209876543	-1.00711
CRB1	KCNT2	1	37	22	0.00246913580247	0.0913580246914	0.0543209876543	-1.00711
BRINP3	TRPS1	1	32	26	0.00246913580247	0.079012345679	0.0641975308642	-1.03866
DGKB	SLC8A1	1	30	28	0.00246913580247	0.0740740740741	0.0691358024691	-1.05247
EPHA6	UNC5D	1	37	23	0.00246913580247	0.0913580246914	0.0567901234568	-1.07124
LRRTM4	PLCB1	1	23	37	0.00246913580247	0.0567901234568	0.0913580246914	-1.07124
LRRTM4	PLPPR4	1	23	37	0.00246913580247	0.0567901234568	0.0913580246914	-1.07124
HDAC9	NF1	1	21	41	0.00246913580247	0.0518518518519	0.101234567901	-1.08809
HCN1	LRFN5	1	29	30	0.00246913580247	0.0716049382716	0.0740740740741	-1.10309
L1CAM	SLITRK3	1	22	40	0.00246913580247	0.0543209876543	0.0987654320988	-1.11958
L1CAM	NF1	1	22	41	0.00246913580247	0.0543209876543	0.101234567901	-1.15521
KLHL1	LRRC4C	1	34	27	0.00246913580247	0.083950617284	0.0666666666667	-1.18057
CDH18	PCDH10	1	28	33	0.00246913580247	0.0691358024691	0.0814814814815	-1.18997
FAM47B	STK11	3	52	54	0.00740740740741	0.128395061728	0.133333333333	-1.20859
GRIN2B	ROBO2	1	26	36	0.00246913580247	0.0641975308642	0.0888888888889	-1.20859
LRRTM4	NF1	1	23	41	0.00246913580247	0.0567901234568	0.101234567901	-1.21934
KCNT2	TSHZ3	1	22	43	0.00246913580247	0.0543209876543	0.106172839506	-1.22392
FRMPD4	SLITRK3	1	24	40	0.00246913580247	0.0592592592593	0.0987654320988	-1.24511
EPHA6	GRIN2B	1	37	26	0.00246913580247	0.0913580246914	0.0641975308642	-1.24811
FAM47B	PLCB1	2	52	37	0.00493827160494	0.128395061728	0.0913580246914	-1.24811
DCAF4L2	KIF1A	1	36	27	0.00246913580247	0.0888888888889	0.0666666666667	-1.26303
CRB1	KIF1A	1	37	27	0.00246913580247	0.0913580246914	0.0666666666667	-1.30256
CDH18	PLCB1	1	28	37	0.00246913580247	0.0691358024691	0.0913580246914	-1.35503
PLCB1	SLC8A1	1	37	28	0.00246913580247	0.0913580246914	0.0691358024691	-1.35503
SLITRK3	TRPS1	1	40	26	0.00246913580247	0.0987654320988	0.0641975308642	-1.36059
FAM47B	NF1	2	52	41	0.00493827160494	0.128395061728	0.101234567901	-1.39621
FBXL7	TENM1	1	21	51	0.00246913580247	0.0518518518519	0.125925925926	-1.40296
FAM47B	FBXL7	1	52	21	0.00246913580247	0.128395061728	0.0518518518519	-1.43098
KLHL4	KRAS	2	23	97	0.00493827160494	0.0567901234568	0.23950617284	-1.4617
KRAS	UNC5D	2	97	23	0.00493827160494	0.23950617284	0.0567901234568	-1.4617
HDAC9	STK11	1	21	54	0.00246913580247	0.0518518518519	0.133333333333	-1.48543
ADGRL3	L1CAM	1	52	22	0.00246913580247	0.128395061728	0.0543209876543	-1.49809
FAM47B	KCNT2	1	52	22	0.00246913580247	0.128395061728	0.0543209876543	-1.49809
DOCK2	NTRK3	1	50	23	0.00246913580247	0.123456790123	0.0567901234568	-1.50564
FBXL7	NALCN	1	21	55	0.00246913580247	0.0518518518519	0.135802469136	-1.5119
GRM5	NALCN	1	22	55	0.00246913580247	0.0543209876543	0.135802469136	-1.57901
EPHA6	SORCS3	1	37	34	0.00246913580247	0.0913580246914	0.083950617284	-1.63514
BRINP3	NF1	1	32	41	0.00246913580247	0.079012345679	0.101234567901	-1.69577
ADGRL3	GRIN2B	1	52	26	0.00246913580247	0.128395061728	0.0641975308642	-1.7391
KRAS	SLC8A1	2	97	28	0.00493827160494	0.23950617284	0.0691358024691	-1.74549
ROBO2	ZP4	1	36	44	0.00246913580247	0.0888888888889	0.108641975309	-1.96758
DGKB	KEAP1	1	30	61	0.00246913580247	0.0740740740741	0.150617283951	-2.17585
BRAF	KRAS	1	22	97	0.00246913580247	0.0543209876543	0.23950617284	-2.39757
